CT2

BEGIN compare, k=1.   rleBytes.length=1043560
1.*** Not equal, t=5904, segStart=33371
End compare, k=1, t=5904
RLE bytes:  ***start=5874
25,22,21,19,23,22,21,20,19,18,19,16,17,18,14,13,9,8,13,11,9,16,17,29,-127,0,-2,0,-127,0,0*,0,78,-2,-9,-1,7,14,13,14,20,20,18,19,18,19,21,20,21,19,21,23,24,24,19,19,16,21,25,22,18,15,21,24,19,20,22,24,22,21,26,17,17,18,21,22,24,25,24,23,23,20,21,25,22,25,24,23,19,21,
My Rle bytes: len=1043560
25,22,21,19,23,22,21,20,19,18,19,16,17,18,14,13,9,8,13,11,9,16,17,29,-127,0,-2,0,-127,0,79*,0,-2,-9,-1,7,14,13,14,20,20,18,19,18,19,21,20,21,19,21,23,24,24,19,19,16,21,25,22,18,15,21,24,19,20,22,24,22,21,26,17,17,18,21,22,24,25,24,23,23,20,21,25,22,25,24,23,19,21,24,
-------END Test---------
[1] after unrle, length: 2


L33
L34
0,0,0,0,0,0,0,0,0,0,0,0,0,0,0,0,0,0,0,0,0,0,0,0,0,0,0,0,0,0,0,0,0,0,0,0,0,0,0,0,0,0,0,0,0,0,0,0,0,0,0,0,0,0,0,0,0,0,0,0,0,0,0,0,0,0,0,0,0,0,0,0,0,0,0,0,0,0,0,0,0,0,0,0,0,0,0,0,0,0,0,0,0,0,0,0,0,0,0,0,0,0,0,0,0,0,0,0,0,0,0,0,0,0,0,0,0,0,0,0,0,0,0,0,0,0,0,0,0,0,0,-3,-7,-1,7,15,20,19,13,18,20,17,20,22,20,20,21,21,21,22,18,21,18,21,25,21,19,18,24,23,19,20,24,23,22,24,20,14,16,21,18,19,22,22,24,21,21,17,18,24,21,25,24,21,18,16,21,21,24,22,21,19,18,18,19,18,15,20,18,12,20,17,18,18,18,21,25,19,26,17,16,20,26,18,17,27,24,23,25,21,24,24,23,20,19,17,21,23,19,25,21,17,24,23,16,22,21,21,18,24,24,16,25,20,23,20,24,22,19,23,22,20,21,24,18,20,20,20,14,19,21,19,16,17,17,16,16,15,19,15,14,16,19,20,22,18,19,20,20,18,21,23,18,22,23,21,22,25,24,20,18,24,23,22,21,18,24,22,15,24,24,20,14,22,22,18,22,21,23,22,18,20,19,13,15,14,16,15,14,18,20,24,20,21,25,27,27,22,23,27,24,25,25,27,26,23,21,23,22,23,28,24,24,28,25,22,22,18,18,20,20,21,22,18,17,18,23,25,22,21,19,23,22,21,20,19,18,19,16,17,18,14,13,9,8,13,11,9,16,17,29,0,0,0,0,0,0,0,0,0,0,0,0,0,0,0,0,0,0,0,0,0,0,0,0,0,0,0,0,0,0,0,0,0,0,0,0,0,0,0,0,0,0,0,0,0,0,0,0,0,0,0,0,0,0,0,0,0,0,0,0,0,0,0,0,0,0,0,0,0,0,0,0,0,0,0,0,0,0,0,0,0,0,0,0,0,0,0,0,0,0,0,0,0,0,0,0,0,0,0,0,0,0,0,0,0,0,0,0,0,0,0,0,0,0,0,0,0,0,0,0,0,0,0,0,0,0,0,0,0,0,0,
0,0,0,0,0,0,0,0,0,0,0,0,0,0,0,0,0,0,0,0,0,0,0,0,0,0,0,0,0,0,0,0,0,0,0,0,0,0,0,0,0,0,0,0,0,0,0,0,0,0,0,0,0,0,0,0,0,0,0,0,0,0,0,0,0,0,0,0,0,0,0,0,0,0,0,0,0,0,0,0,0,0,0,0,0,0,0,0,0,0,0,0,0,0,0,0,0,0,0,0,0,0,0,0,0,0,0,0,0,0,0,0,0,0,0,0,0,0,0,0,0,0,0,0,0,0,0,0,0,-2,-9,-1,7,14,13,14,20,20,18,19,18,19,21,20,21,19,21,23,24,24,19,19,16,21,25,22,18,15,21,24,19,20,22,24,22,21,26,17,17,18,21,22,24,25,24,23,23,20,21,25,22,25,24,23,19,21,24,20,22,20,22,19,15,22,21,18,17,20,17,15,18,17,19,17,14,18,23,25,20,20,20,21,24,19,19,29,24,20,25,24,22,21,24,24,18,18,22,25,22,21,20,23,25,23,16,20,22,21,21,24,24,18,21,25,22,25,22,19,23,23,23,21,22,25,22,18,20,21,18,17,19,20,15,19,18,17,19,14,18,15,13,19,19,21,23,17,17,24,19,18,22,19,20,24,21,22,23,25,23,22,18,20,20,24,21,17,23,17,16,23,21,18,17,22,18,17,20,21,21,27,16,18,15,13,16,17,19,15,17,19,23,21,22,23,24,24,23,20,27,25,25,26,25,26,27,23,22,22,22,22,26,24,23,24,23,24,21,18,19,20,19,26,23,16,20,19,23,22,23,23,22,23,21,19,21,18,18,18,19,22,18,15,15,13,12,14,9,9,12,12,14,13,26,0,0,0,0,0,0,0,0,0,0,0,0,0,0,0,0,0,0,0,0,0,0,0,0,0,0,0,0,0,0,0,0,0,0,0,0,0,0,0,0,0,0,0,0,0,0,0,0,0,0,0,0,0,0,0,0,0,0,0,0,0,0,0,0,0,0,0,0,0,0,0,0,0,0,0,0,0,0,0,0,0,0,0,0,0,0,0,0,0,0,0,0,0,0,0,0,0,0,0,0,0,0,0,0,0,0,0,0,0,0,0,0,0,0,0,0,0,0,0,0,0,0,0,0,0,0,0,0,0,


===================================

CT1

BEGIN compare, k=1.   rleBytes.length=1051280
1.*** Not equal, t=5772, segStart=43847
End compare, k=1, t=5772
RLE bytes:  ***start=5742
-99,-78,-97,-17,59,93,94,69,76,59,81,53,39,-11,2,47,97,118,94,55,56,47,2,-71,-127,48,-3,48,-127,48,-1*,48,127,41,27,18,61,35,20,41,41,44,39,33,36,34,44,42,46,33,22,40,25,49,38,70,54,44,34,34,69,51,49,39,46,15,28,47,42,25,15,37,27,25,43,50,52,46,28,31,36,39,51,31,24,28,40,32,61,39,
My Rle bytes: len=1051280
-99,-78,-97,-17,59,93,94,69,76,59,81,53,39,-11,2,47,97,118,94,55,56,47,2,-71,-127,48,-3,48,-127,48,127*,48,48,41,27,18,61,35,20,41,41,44,39,33,36,34,44,42,46,33,22,40,25,49,38,70,54,44,34,34,69,51,49,39,46,15,28,47,42,25,15,37,27,25,43,50,52,46,28,31,36,39,51,31,24,28,40,32,61,39,
-------END Test---------
[1] after unrle, length: 2


L32
L33
48,48,48,48,48,48,48,48,48,48,48,48,48,48,48,48,48,48,48,48,48,48,48,48,48,48,48,48,48,48,48,48,48,48,48,48,48,48,48,48,48,48,48,48,48,48,48,48,48,48,48,48,48,48,48,48,48,48,48,48,48,48,48,48,48,48,48,48,48,48,48,48,48,48,48,48,48,48,48,48,48,48,48,48,48,48,48,48,48,48,48,48,48,48,48,48,48,48,48,48,48,48,48,48,48,48,48,48,48,48,48,48,48,48,48,48,48,48,48,48,48,48,48,48,48,48,48,48,48,48,48,48,36,33,57,19,27,56,37,36,41,48,41,50,46,44,3,28,48,49,46,38,68,41,55,21,44,39,38,44,39,57,8,27,21,51,36,46,47,42,17,41,46,52,31,40,45,38,35,66,31,15,27,30,31,46,51,53,38,61,28,38,51,66,58,79,79,77,79,84,92,92,80,52,54,39,41,65,54,43,68,69,96,-117,-51,8,45,43,24,-18,-5,-39,-114,112,100,56,68,95,111,109,112,102,113,104,114,115,-126,-119,-117,-122,121,109,120,110,115,-128,-125,-127,106,94,55,111,-52,21,35,-3,-52,-66,-87,-107,-108,-104,-85,-82,-71,-57,-59,-67,-86,-87,-61,-79,-72,-53,-43,-82,-92,-74,-66,-97,-120,-120,113,-124,105,106,110,64,55,76,59,77,115,-79,-45,-40,-49,-33,-43,-72,-64,-63,-77,-93,-85,-94,-92,-60,-35,-30,-34,-38,-39,-70,-57,-75,-53,-52,-46,-35,-59,-87,116,89,78,92,96,94,103,-122,123,116,120,-102,-76,-79,-71,-60,-52,-40,-12,11,19,22,29,55,43,-32,-62,-70,-71,-65,-109,-119,124,-89,-99,-78,-97,-17,59,93,94,69,76,59,81,53,39,-11,2,47,97,118,94,55,56,47,2,-71,48,48,48,48,48,48,48,48,48,48,48,48,48,48,48,48,48,48,48,48,48,48,48,48,48,48,48,48,48,48,48,48,48,48,48,48,48,48,48,48,48,48,48,48,48,48,48,48,48,48,48,48,48,48,48,48,48,48,48,48,48,48,48,48,48,48,48,48,48,48,48,48,48,48,48,48,48,48,48,48,48,48,48,48,48,48,48,48,48,48,48,48,48,48,48,48,48,48,48,48,48,48,48,48,48,48,48,48,48,48,48,48,48,48,48,48,48,48,48,48,48,48,48,48,48,48,48,48,48,48,48,48,
48,48,48,48,48,48,48,48,48,48,48,48,48,48,48,48,48,48,48,48,48,48,48,48,48,48,48,48,48,48,48,48,48,48,48,48,48,48,48,48,48,48,48,48,48,48,48,48,48,48,48,48,48,48,48,48,48,48,48,48,48,48,48,48,48,48,48,48,48,48,48,48,48,48,48,48,48,48,48,48,48,48,48,48,48,48,48,48,48,48,48,48,48,48,48,48,48,48,48,48,48,48,48,48,48,48,48,48,48,48,48,48,48,48,48,48,48,48,48,48,48,48,48,48,48,48,48,48,48,48,41,27,18,61,35,20,41,41,44,39,33,36,34,44,42,46,33,22,40,25,49,38,70,54,44,34,34,69,51,49,39,46,15,28,47,42,25,15,37,27,25,43,50,52,46,28,31,36,39,51,31,24,28,40,32,61,39,36,47,45,55,79,122,-126,117,115,111,-121,-105,-80,-90,124,79,64,38,29,62,84,59,64,73,68,112,-62,5,44,66,60,50,2,-34,-71,-104,-128,105,106,115,110,124,-117,-111,-120,-104,124,-106,-100,-111,-117,-96,-110,-88,-107,-117,-120,-101,-100,-108,-90,-122,126,-126,-63,37,79,50,13,13,3,-30,-35,-5,-24,-13,0,-2,-11,-4,13,-12,-26,-9,-15,0,-15,-16,-71,-86,-87,-77,-84,-93,-110,126,-90,-123,119,114,121,101,119,126,127,-99,-73,-40,-2,-7,14,4,10,-13,-7,2,2,-13,-27,-6,34,4,-17,-45,-29,-21,-28,13,2,12,29,1,-22,-50,-56,-78,-91,-110,-105,-104,-95,-94,-69,-69,-74,-49,-54,-45,-17,1,0,-17,-14,21,12,23,20,30,43,63,-9,-44,-33,-35,-41,-58,-65,-87,-108,-81,-69,-68,-44,-20,38,80,98,75,67,86,109,62,9,24,93,101,115,-117,110,93,68,12,-40,-121,97,48,48,48,48,48,48,48,48,48,48,48,48,48,48,48,48,48,48,48,48,48,48,48,48,48,48,48,48,48,48,48,48,48,48,48,48,48,48,48,48,48,48,48,48,48,48,48,48,48,48,48,48,48,48,48,48,48,48,48,48,48,48,48,48,48,48,48,48,48,48,48,48,48,48,48,48,48,48,48,48,48,48,48,48,48,48,48,48,48,48,48,48,48,48,48,48,48,48,48,48,48,48,48,48,48,48,48,48,48,48,48,48,48,48,48,48,48,48,48,48,48,48,48,48,48,48,48,48,48,48,

===================================

CT2

1.*** Not equal, t=45, segStart=27512
End compare, k=1, t=45
RLE bytes:  ***start=15
0,3,7,4,3,6,6,4,7,13,10,11,9,9,15,18,20,19,15,21,19,24,-127,0,-111,0,-127,0,-99,0,55*,-7,-7,-8,-13,-14,-4,-9,-16,-4,-13,-14,-12,-5,-5,-3,1,2,2,-3,-1,5,3,1,6,7,7,6,9,8,4,9,14,10,9,6,12,14,13,16,14,10,14,9,12,12,13,18,12,12,20,20,22,26,25,28,33,-127,0,-99,
My Rle bytes: len=1043560
0,3,7,4,3,6,6,4,7,13,10,11,9,9,15,18,20,19,15,21,19,24,-127,0,-111,0,-127,0,-99,0,-1*,-7,53,-8,-13,-14,-4,-9,-16,-4,-13,-14,-12,-5,-5,-3,1,2,2,-3,-1,5,3,1,6,7,7,6,9,8,4,9,14,10,9,6,12,14,13,16,14,10,14,9,12,12,13,18,12,12,20,20,22,26,25,28,33,-127,0,-99,
-------END Test---------
[1] after unrle, length: 2

L2
0,0,0,0,0,0,0,0,0,0,0,0,0,0,0,0,0,0,0,0,0,0,0,0,0,0,0,0,0,0,0,0,0,0,0,0,0,0,0,0,0,0,0,0,0,0,0,0,0,0,0,0,0,0,0,0,0,0,0,0,0,0,0,0,0,0,0,0,0,0,0,0,0,0,0,0,0,0,0,0,0,0,0,0,0,0,0,0,0,0,0,0,0,0,0,0,0,0,0,0,0,0,0,0,0,0,0,0,0,0,0,0,0,0,0,0,0,0,0,0,0,0,0,0,0,0,0,0,0,0,0,0,0,0,0,0,0,0,0,0,0,0,0,0,0,0,0,0,0,0,0,0,0,0,0,0,0,0,0,0,0,0,0,0,0,0,0,0,0,0,0,0,0,0,0,0,0,0,0,0,0,0,0,0,0,0,0,0,0,0,0,0,0,0,0,0,0,0,0,0,0,0,0,0,0,0,0,0,0,0,0,0,0,0,0,0,0,0,0,0,0,0,0,0,0,0,0,0,-7,-7,-8,-13,-14,-4,-9,-16,-4,-13,-14,-12,-5,-5,-3,1,2,2,-3,-1,5,3,1,6,7,7,6,9,8,4,9,14,10,9,6,12,14,13,16,14,10,14,9,12,12,13,18,12,12,20,20,22,26,25,28,33,0,0,0,0,0,0,0,0,0,0,0,0,0,0,0,0,0,0,0,0,0,0,0,0,0,0,0,0,0,0,0,0,0,0,0,0,0,0,0,0,0,0,0,0,0,0,0,0,0,0,0,0,0,0,0,0,0,0,0,0,0,0,0,0,0,0,0,0,0,0,0,0,0,0,0,0,0,0,0,0,0,0,0,0,0,0,0,0,0,0,0,0,0,0,0,0,0,0,0,0,0,0,0,0,0,0,0,0,0,0,0,0,0,0,0,0,0,0,0,0,0,0,0,0,0,0,0,0,0,0,0,0,0,0,0,0,0,0,0,0,0,0,0,0,0,0,0,0,0,0,0,0,0,0,0,0,0,0,0,0,0,0,0,0,0,0,0,0,0,0,0,0,0,0,0,0,0,0,0,0,0,0,0,0,0,0,0,0,0,0,0,0,0,0,0,0,0,0,0,0,0,0,0,0,0,0,0,0,0,0,0,0,0,0,0,0,0,0,0,0,0,0,0,0,0,0,0,0,


===================================







