0,0,0,0,0,0,0,0,0,0,0,0,0,0,0,0,0,0,0,0,0,0,0,0,0,0,0,0,0,0,0,0,0,0,0,0,0,0,0,0,0,0,0,0,0,0,0,0,0,0,0,0,0,0,0,0,0,0,0,0,0,0,0,0,0,0,0,0,0,0,0,0,0,0,0,0,0,0,0,0,0,0,0,0,0,0,0,0,0,0,0,0,0,0,0,0,0,0,0,0,0,0,0,0,0,0,0,0,0,0,0,0,0,0,0,0,0,0,0,0,0,0,0,0,0,0,0,0,0,0,0,0,0,0,0,0,0,0,0,0,0,0,0,0,0,0,0,0,0,0,0,0,0,0,0,0,0,0,0,0,0,0,0,0,0,0,0,0,0,0,0,0,0,0,0,0,0,0,0,0,0,0,0,0,0,0,0,0,0,0,0,0,0,0,0,0,0,0,0,0,0,0,0,0,0,0,0,0,0,0,0,0,0,0,0,0,0,0,0,0,0,0,0,0,0,0,0,0,0,0,0,0,0,0,0,0,0,0,0,0,0,0,0,0,0,0,0,0,0,0,0,0,0,0,0,0,0,0,0,0,0,0,0,0,0,0,0,0,0,0,0,0,0,0,0,0,0,0,0,0,0,0,0,0,0,0,0,0,0,0,0,0,0,0,0,0,0,0,0,0,0,0,0,0,0,0,0,0,0,0,0,0,0,0,0,0,0,0,0,0,0,0,0,0,0,0,0,0,0,0,0,0,0,0,0,0,0,0,0,0,0,0,0,0,0,0,0,0,0,0,0,0,0,0,0,0,0,0,0,0,0,0,0,0,0,0,0,0,0,0,0,0,0,0,0,0,0,0,0,0,0,0,0,0,0,0,0,0,0,0,0,0,0,0,0,0,0,0,0,0,0,0,0,0,0,0,0,0,0,0,0,0,0,0,0,0,0,0,0,0,0,0,0,0,0,0,0,0,0,0,0,0,0,0,0,0,0,0,0,0,0,0,0,0,0,0,0,0,0,0,0,0,0,0,0,0,0,0,0,0,0,0,0,0,0,0,0,0,0,0,0,0,0,0,0,0,0,0,0,0,0,0,0,0,0,0,0,0,0,0,0,0,0,0,0,0,0,0,0,0,0,0,0,0,0,0,0,0,0,0,0,0,0,0,0,0,0,0,0,0,0,0,0,0,0,0,0,0,0,0,0,0,0,0,0,0,0,0,0,0,0,0,0,0,0,0,0,0,0,0,0,0,0,0,0,0,0,0,0,0,0,0,0,0,0,0,0,0,0,0,0,0,0,0,0,0,0,0,0,0,0,0,0,0,0,0,0,0,0,0,0,0,0,0,0,0,0,0,0,0,0,0,0,0,0,0,0,0,
0,0,0,
-68,-68,
0,0,0,0,
-68,-68,
0,0,-68,-68,-68,-68,-68,-68,-68,
0,0,0,0,-68,-68,-68,-68,-68,
0,0,0,0,-68,-68,-68,-68,-68,-68,-68,-68,

0,0,  -68,0,0,0,0,0,0,-68,0,0,0,0,-68,-68,-68,0,0,0,0,0,-68,-68,0,0,0,-68,-68,0,0,0,-68,-68,0,0,0,-68,-68,0,0,0,-68,-68,-68,-68,-68,-68,-68,-68,0,0,0,0,0,0,0,0,0,0,0,0,0,-68,-68,-68,-68,-68,0,0,0,0,0,0,-68,-68,-68,0,0,0,0,0,-68,-68,0,0,0,-68,-68,0,0,0,0,0,-68,-68,-68,0,0,0,0,0,-68,-68,-68,-68,-68,0,0,0,0,0,-68,-68,-68,-68,-68,-68,-68,0,0,0,0,0,0,0,0,0,0,0,0,0,0,0,0,0,0,0,0,0,0,0,0,0,0,0,0,0,0,0,0,0,0,0,0,0,0,0,0,0,0,0,0,0,0,0,0,0,0,0,0,0,0,0,0,0,0,0,0,0,0,0,0,0,0,0,0,0,0,0,0,0,-68,-68,-68,-68,-68,-68,0,0,0,0,-68,-68,-68,-68,-68,-68,-68,0,0,0,-68,-68,0,0,0,-68,-68,0,0,0,0,0,-68,-68,-68,0,0,0,0,0,0,0,0,0,0,0,0,0,0,0,0,0,0,0,0,0,0,0,0,0,0,0,0,0,0,0,0,0,0,0,0,0,0,0,0,0,0,0,0,0,0,0,0,0,0,0,0,0,0,0,0,0,0,0,0,0,0,0,0,0,0,0,0,0,0,0,0,0,0,0,0,0,0,0,0,0,0,0,0,0,0,0,0,0,0,0,0,0,0,0,0,0,0,0,0,0,0,0,0,0,0,0,0,0,0,0,0,0,0,0,0,0,0,0,0,0,0,0,0,0,0,0,0,0,0,0,0,0,0,0,0,0,0,0,0,0,0,0,0,0,-68,-68,0,0,0,0,-68,-68,0,0,0,0,0,0,0,0,0,0,0,0,0,0,0,0,0,0,0,0,0,0,0,0,0,0,0,0,0,0,0,0,0,0,0,0,0,0,0,0,0,0,0,0,0,0,0,0,0,0,0,0,0,0,0,0,0,0,0,0,0,0,0,0,0,0,0,0,0,0,0,0,0,0,0,0,0,0,0,0,0,0,0,0,0,0,0,0,0,0,0,0,0,0,0,0,0,0,0,0,0,0,0,0,0,0,0,0,0,0,0,0,0,0,0,0,0,0,0,0,0,0,0,0,0,0,-88,-88,-88,0,0,0,0,0,0,-88,-88,0,0,0,0,0,0,0,0,0,0,0,0,-88,-88,-88,-88,0,0,0,0,0,-88,-88,0,0,0,0,0,-88,-88,0,0,0,0,0,0,-88,-88,-88,0,0,0,0,0,0,0,0,0,0,0,



-127 0 -127 0 -127 0 -127 0 -95 0 
-2 0 
-1 -68 
-3 0 
-1 -68 
-1 0 -6 -68 
-3 0 -4 -68 
-3 0 
-7 -68 

-1 0     1 -68 0 -4 0 1 -68 0 -2 0 -2 -68 -4 0 -1 -68 -2 0 

-127 0 -127 0 -127 0 -127 0 -95 0 
-2 0 
-1 -68 
-3 0 
-1 -68 
-1 0 -6 -68 
-3 0 -4 -68 
-3 0 
-7 -68 

-1 0    0 -68 -5 0 0 -68 -3 0 -2 -68 -4 0 -1 -68 -2 0 -1 -68 



-----------------------------------------

-127,0,-127,0,-127,0,-127,0,-95,0,-2,0,-1,-68,-3,0,-1,-68,-1,0,-6,-68,-3,0,-4,-68,-3,0,-7,-68,-1,0,1,-68,0,-4,0,1,-68,0,-2,0,-2,-68,-4,0,-1,-68,-2,0,-1,-68,-2,0,-1,-68,-2,0,-1,-68,-2,0,-7,-68,-12,0,-4,-68,-5,0,-2,-68,-4,0,-1,-68,-2,0,-1,-68,-4,0,-2,-68,-4,0,-4,-68,-4,0,-6,-68,-72,0,-5,-68,-3,0,-6,-68,-2,0,-1,-68,-2,0,-1,-68,-4,0,-2,-68,-127,0,-16,0,-1,-68,-3,0,-1,-68,-125,0,-2,-88,-5,0,-1,-88,-11,0,-3,-88,-4,0,-1,-88,-4,0,-1,-88,-5,0,-2,-88,-10,0,-2,0,-1,-68,-3,0,-1,-68,-1,0,-6,-68,-2,0,-6,-68,-2,0,-7,-68,-1,0,-1,-68,-3,0,-1,-68,-2,0,-4,-68,-3,0,-1,-68,-2,0,-1,-68,-2,0,-1,-68,-2,0,-1,-68,-2,0,-7,-68,-11,0,-6,-68,-3,0,-4,-68,-3,0,-1,-68,-2,0,-1,-68,-3,0,-4,-68,-3,0,-5,-68,-3,0,-6,-68,-72,0,-6,-68,-2,0,-6,-68,-2,0,-1,-68,-2,0,-1,-68,-3,0,-3,-68,-127,0,-16,0,-1,-68,-3,0,-1,-68,-125,0,-2,-88,-5,0,-1,-88,-9,0,-7,-88,-2,0,-1,-88,-3,0,-1,-88,-6,0,-2,-88,-10,0,-2,0,-1,-68,-3,0,-1,-68,-1,0,-1,-68,-7,0,-1,-68,-3,0,1,-68,0,-4,0,-1,-68,-4,0,-2,-68,-1,0,-2,-68,-1,0,-1,-68,-2,0,-1,-68,-2,0,-1,-68,-2,0,-1,-68,-2,0,-2,-68,-1,0,-1,-68,-5,0,-1,-68,-14,0,-1,-68,-3,
0,(5,-68,0,0,0,-68,-68,)-2,0,-1,-68,-2,0,-1,-68,-2,0,-1,-68,-2,0,-2,-68,3,0,-68,-68,-68,-2,0,-1,-68,-2,0,-1,-68,-2,0,-1,-68,-69,0,-1,-68,-6,0,-1,-68,-1,0,-1,-68,-2,0,-1,-68,-7,0,-2,-68,-1,0,-1,-68,-5,0,-1,-68,-127,0,-17,0,-1,-68,-1,0,-1,-68,-125,0,-1,-88,2,0,-88,-88,-4,0,-1,-88,-9,0,-1,-88,-3,0,-1,-88,-2,0,-1,-88,-2,0,-1,-88,-6,0,-1,-88,2,0,-88,-88,-9,0,-2,0,-1,-68,-3,0,-1,-68,-1,0,-1,-68,-7,0,-1,-68,-10,0,-1,-68,-4,0,-7,-68,-1,0,-1,-68,-2,0,-1,-68,-2,0,-1,-68,-2,0,-1,-68,-2,0,-2,-68,-1,0,-1,-68,-5,0,-1,-68,-14,0,-1,-68,-7,0,1,-68,0,-3,0,5,-68,0,0,0,-68,-68,-2,0,-1,-68,-2,0,-1,-68,-2,0,-1,-68,-2,0,-1,-68,-2,0,-1,-68,-2,0,-1,-68,-69,0,-1,-68,-6,0,-1,-68,-1,0,-1,-68,-2,0,-1,-68,-7,0,-2,-68,-1,0,-1,-68,-5,0,-1,-68,-127,0,-17,0,-5,-68,-125,0,-1,-88,2,0,-88,-88,-4,0,-1,-88,-8,0,-1,-88,-5,0,-1,-88,-1,0,-1,-88,-1,0,-1,-88,-7,0,-1,-88,2,0,-88,-88,-9,0,-2,0,-1,-68,7,0,-68,-68,0,-68,-68,0,0,-5,-68,-4,0,-3,-68,-7,0,-1,-68,-4,0,-7,-68,-1,0,-1,-68,-2,0,-1,-68,-2,0,-1,-68,-2,0,-1,-68,-2,0,-3,-68,2,0,-68,-68,-5,0,-1,-68,-15,0,-3,-68,-4,0,6,-68,0,-68,-68,0,
0,-68,-2,0,-1,-68,-2,0,-1,-68,-2,0,-1,-68,-2,0,-1,-68,-2,0,-1,-68,-2,0,-1,-68,-2,0,-5,-68,-74,0,-4,-68,-3,0,-5,-68,-3,0,-3,-68,2,0,-68,-68,-5,0,-1,-68,-127,0,-18,0,-3,-68,-125,0,-1,-88,-2,0,-1,-88,-3,0,-1,-88,-8,0,-1,-88,-5,0,-1,-88,-1,0,-1,-88,2,0,-88,-88,-7,0,-1,-88,-2,0,-1,-88,-8,0,-2,0,-1,-68,7,0,-68,-68,0,-68,-68,0,0,-5,-68,-5,0,-3,-68,-6,0,-1,-68,-4,0,-1,-68,9,0,-68,-68,0,-68,-68,0,0,-68,-68,-2,0,-1,-68,-2,0,-1,-68,-2,0,-1,-68,-2,0,-3,-68,2,0,-68,-68,-5,0,-1,-68,-16,0,-3,-68,-3,0,6,-68,0,-68,-68,0,0,-68,-2,0,-1,-68,-2,0,-1,-68,-2,0,-6,-68,-2,0,-5,-68,-3,0,-5,-68,-74,0,-4,-68,-3,0,-5,-68,-3,0,-3,-68,2,0,-68,-68,-5,0,-1,-68,-127,0,-19,0,-1,-68,-126,0,-1,-88,-2,0,-1,-88,-3,0,-1,-88,-8,0,-1,-88,-5,0,-1,-88,-1,0,-1,-88,2,0,-88,-88,-7,0,-1,-88,-2,0,-1,-88,-8,0,-2,0,-7,-68,-1,0,-1,-68,-12,0,-1,-68,-5,0,-1,-68,-4,0,-1,-68,-3,0,-1,-68,-1,0,-1,-68,-2,0,-1,-68,-2,0,-1,-68,-2,0,-1,-68,-2,0,-1,-68,1,0,-68,-2,-68,-5,0,-1,-68,-19,0,-1,-68,-2,0,6,-68,0,0,-68,-68,0,-68,-2,0,-1,-68,-2,0,-1,-68,-2,0,-6,-68,-2,0,-4,-68,-4,0,-1,-68,-69,0,-1,-68,-6,0,-1,-68,-1,
0,-1,-68,-2,0,-1,-68,-7,0,-1,-68,1,0,-68,-2,-68,-5,0,-1,-68,-106,0,-1,-68,-38,0,-1,-68,-125,0,-8,-88,-2,0,-1,-88,-8,0,-1,-88,-5,0,-1,-88,-1,0,-1,-88,-1,0,-1,-88,-5,0,-8,-88,-7,0,-2,0,-2,-68,-1,0,-2,-68,-1,0,-1,-68,-7,0,1,-68,0,-2,0,-1,-68,-5,0,-1,-68,-4,0,-1,-68,-3,0,-1,-68,-1,0,-1,-68,-2,0,-1,-68,-2,0,-1,-68,-2,0,-1,-68,-2,0,-1,-68,-1,0,-2,-68,-5,0,-1,-68,-14,0,1,-68,0,-2,0,-1,-68,-2,0,-1,-68,-2,0,1,-68,0,-2,0,-1,-68,-2,0,-1,-68,-2,0,-1,-68,-2,0,-1,-68,-2,0,-1,-68,-1,0,-1,-68,-3,0,-1,-68,-69,0,-1,-68,-6,0,-1,-68,-1,0,-1,-68,-2,0,-1,-68,-7,0,-1,-68,-1,0,-2,-68,-5,0,-1,-68,-106,0,-1,-68,-38,0,-1,-68,-125,0,-1,-88,-4,0,-1,-88,-2,0,-1,-88,-9,0,-1,-88,-3,0,-1,-88,-2,0,-1,-88,-2,0,-1,-88,-4,0,-1,-88,-4,0,-1,-88,-7,0,-2,0,-1,-68,-3,0,-1,-68,-1,0,-6,-68,-2,0,-6,-68,-5,0,-1,-68,-4,0,-1,-68,-3,0,-1,-68,-2,0,-4,-68,-3,0,-6,-68,-2,0,-1,-68,-1,0,-2,-68,-5,0,-1,-68,-14,0,-6,-68,-3,0,-5,-68,-2,0,-6,-68,-2,0,-1,-68,-2,0,-1,-68,-2,0,-1,-68,-2,0,-1,-68,-2,0,-6,-68,-72,0,-6,-68,-2,0,-6,-68,-2,0,-1,-68,-1,0,-2,-68,-3,0,-5,-68,-104,0,-1,-68,-38,0,-1,-68,-124,0,-1,
-88

-2,0,-1,-68,-3,0,-1,-68,-1,0,-1,-68,-7,0,-1,-68,-3,0,1,-68,0,-4,0,-1,-68,-4,0,-2,-68,-1,0,-2,-68,-1,0,-1,-68,-2,0,-1,-68,-2,0,-1,-68,-2,0,-1,-68,-2,0,-2,-68,-1,0,-1,-68,-5,0,-1,-68,-14,0,-1,-68,-3

0,0,0,-68,-68,0,0,0,0,-68,-68,0,0,-68,-68,0,0,0,0,0,0,0,0,-68,-68,0,0,0,0,-68,0,0,0,0,0,0,-68,-68,0,0,0,0,0,-68,-68,-68,0,0,-68,-68,-68,0,0,-68,-68,0,0,0,-68,-68,0,0,0,-68,-68,0,0,0,-68,-68,0,0,0,-68,-68,-68,0,0,-68,-68,0,0,0,0,0,0,-68,-68,0,0,0,0,0,0,0,0,0,0,0,0,0,0,0,-68,-68,0,0,0,0,-68,0,0,0,-68,-68,0,0,0,-68,-68,0,0,0,-68,-68,0,0,0,-68,-68,0,0,0,-68,-68,-68,0,-68,-68,-68,0,0,0,-68,-68,0,0,0,-68,-68,0,0,0,-68,-68,0,0,0,0,0,0,0,0,0,0,0,0,0,0,0,0,0,0,0,0,0,0,0,0,0,0,0,0,0,0,0,0,0,0,0,0,0,0,0,0,0,0,0,0,0,0,0,0,0,0,0,0,0,0,0,0,0,0,0,0,0,0,0,0,0,0,0,0,0,0,-68,-68,0,0,0,0,0,0,0,-68,-68,0,0,-68,-68,0,0,0,-68,-68,0,0,0,0,0,0,0,0,-68,-68,-68,0,0,-68,-68,0,0,0,0,0,0,-68,-68,0,0,0,0,0,0,0,0,0,0,0,0,0,0,0,0,0,0,0,0,0,0,0,0,0,0,0,0,0,0,0,0,0,0,0,0,0,0,0,0,0,0,0,0,0,0,0,0,0,0,0,0,0,0,0,0,0,0,0,0,0,0,0,0,0,0,0,0,0,0,0,0,0,0,0,0,0,0,0,0,0,0,0,0,0,0,0,0,0,0,0,0,0,0,0,0,0,0,0,0,0,0,0,0,0,0,0,0,0,0,0,0,0,0,0,0,0,0,0,0,0,0,0,0,0,0,0,0,0,0,0,0,0,0,0,0,0,0,0,0,0,0,0,0,0,0,-68,-68,0,0,-68,-68,0,0,0,0,0,0,0,0,0,0,0,0,0,0,0,0,0,0,0,0,0,0,0,0,0,0,0,0,0,0,0,0,0,0,0,0,0,0,0,0,0,0,0,0,0,0,0,0,0,0,0,0,0,0,0,0,0,0,0,0,0,0,0,0,0,0,0,0,0,0,0,0,0,0,0,0,0,0,0,0,0,0,0,0,0,0,0,0,0,0,0,0,0,0,0,0,0,0,0,0,0,0,0,0,0,0,0,0,0,0,0,0,0,0,0,0,0,0,0,0,0,0,0,0,0,0,-88,-88,0,-88,-88,0,0,0,0,0,-88,-88,0,0,0,0,0,0,0,0,0,0,-88,-88,0,0,0,0,-88,-88,0,0,0,-88,-88,0,0,0,-88,-88,0,0,0,0,0,0,0,-88,-88,0,-88,-88,0,0,0,0,0,0,0,0,0,0,

